67967
41141
98519
25939
83243
84979
94541
44777
84523
23087
60919
6269
49711
96737
70079
38891
15277
72337
41351
86837
59107
40507
47093
95783
79231
93491
78163
46591
73063
54907
90071
15919
51307
20749
43783
35327
85619
51593
20219
72211
66851
95479
74779
49627
51977
43063
39103
59809
73999
94781
57149
92051
12451
17291
22129
69997
53623
53699
85639
73417
16729
5387
10391
76481
20147
65851
7411
68633
64327
76519
88801
10079
84919
93629
85597
45631
20771
82591
32423
72949
24097
13313
19319
97397
8543
67531
83497
39877
52769
31573
51859
81233
84691
12503
4657
26711
26357
73061
85091
83101
85717
24077
21323
23021
88001
61519
15629
35419
13757
8741
67763
70309
9059
14753
74941
25153
93337
24229
6701
52981
89137
91369
70583
5779
2851
17747
79087
83093
38903
90793
34039
22391
93229
3449
54037
56087
37861
56467
25583
80833
93601
93851
62213
48407
78173
46499
66683
10391
3511
99173
4339
3301
3499
2207
2711
1949
2083
1889
1597
1759
2273
3319
3821
3467
1319
1373
1291
1187
1231
4007
3253
991
2711
4003
2333
3169
3067
1327
2213
929
3779
2797
2017
1879
1093
3613
587
1201
1151
613
563
2657
3323
991
1013
2663
3001
1069
1669
2659
1091
3499
3119
2207
2467
659
379
3049
3797
827
229
3659
3821
821
4013
941
271
211
761
3803
2081
557
683
2971
1409
3911
431
3307
3877
3559
3191
587
3863
3851
2273
2423
929
179
1861
1399
2053
1249
2861
2843
2791
769
2551
1051
1021
1783
3217
3137
787
2609
137
4013
269
191
3329
821
1213
1733
3631
1787
1117
3041
3413
1543
1571
827
587
3469
2791
229
2551
1747
479
3041
223
131
1459
941
409
2309
1637
3191
3359
2939
3373
2003
2591
2693
839
1109
4093
3319
653
71
3967
1697
3547
197
1523
2411
3541
2459
2377
1031
2341
2749
593
307
2957
3613
2237
3067
1889
139
2243
2243
367
193
3457
149
1747
3607
2447
1409
337
3623
3467
2659
1831
2539
2087
1789
2999
2003
1811
3907
929
167
4091
1741
3203
283
3779
401
137
1321
191
2243
1753
3863
599
1087
563
2833
3137
919
3329
2381
1103
173
2741
641
1901
4051
1087
2371
3271
383
2011
2341
2693
2347
3559
1733
2879
1873
41
2687
547
2767
2153
2731
1129
1033
367
2551
1223
2311
1093
281
3821
2459
3347
3701
1487
601
3607
263
239
2917
3709
1811
109
3119
1951
3119
2297
1117
127
1327
653
569
3019
653
1667
1777
2111
4027
